hs1	0	2745673	0
hs1	2745674	7745674	1.134704191
hs1	5057812	10057812	1.654182094
hs1	5643573	10643573	1.198084596
hs1	9951318	14951318	1.199520279
hs1	11537160	16537160	1.195228597
hs1	14795346	19795346	1.259881582
hs1	19795347	25462439	0
hs1	25462440	30462440	1.484539221
hs1	29237041	34237041	1.359031162
hs1	31245297	36245297	1.668599023
hs1	36245298	36762349	0
hs1	36762350	41762350	1.449047101
hs1	37388640	42388640	1.423136149
hs1	38141399	43141399	1.412449114
hs1	38670955	43670955	1.280368814
hs1	39281454	44281454	1.190982662
hs1	40501092	45501092	1.380131117
hs1	45501093	47747314	0
hs1	47747315	52747315	1.887576594
hs1	51440804	56440804	1.253267968
hs1	56106664	61106664	1.436739434
hs1	57294877	62294877	1.28742324
hs1	62294878	62576946	0
hs1	62576947	67576947	1.380131117
hs1	67171214	72171214	1.245145614
hs1	68075185	73075185	1.206776989
hs1	70013240	75013240	1.556997881
hs1	70651422	75651422	2.171861206
hs1	70657547	75657547	1.025978362
hs1	71419087	76419087	1.955795644
hs1	73824057	78824057	1.418271589
hs1	75027322	80027322	1.561737622
hs1	75674779	80674779	1.26418887
hs1	80674780	83414684	0
hs1	83414685	88414685	3.469771174
hs1	87192530	92192530	1.617491607
hs1	87218849	92218849	1.266601003
hs1	87564240	92564240	1.784103108
hs1	87800185	92800185	2.087666999
hs1	92800186	104488701	0
hs1	104488702	109488702	1.275153442
hs1	104488703	109488703	1.196450083
hs1	107056422	112056422	1.422364721
hs1	108443636	113443636	1.298748244
hs1	111854802	116854802	1.241712608
hs1	112829357	117829357	1.390576032
hs1	114719892	119719892	1.470871
hs1	117533035	122533035	1.321225151
hs1	122533036	151948795	0
hs1	151948796	156948796	1.32453237
hs1	154404511	159404511	1.208244181
hs1	159404512	161693722	0
hs1	161693723	166693723	1.23717913
hs1	162136867	167136867	1.14208047
hs1	167136868	170772418	0
hs1	170772419	175772419	1.832804709
hs1	173516670	178516670	2.365609245
hs1	174978923	179978923	1.532928407
hs1	179978924	180856517	0
hs1	180856518	185856518	1.359255348
hs1	182166251	187166251	2.495898275
hs1	182418447	187418447	1.230914904
hs1	184405513	189405513	1.552301066
hs1	185107435	190107435	1.179877706
hs1	185524315	190524315	1.248375585
hs1	189221434	194221434	1.856953392
hs1	194221435	194987446	0
hs1	194987447	199987447	1.951180822
hs1	195010472	200010472	2.082482821
hs1	200010473	201264750	0
hs1	201264751	206264751	1.887416488
hs1	201599213	206599213	1.295047798
hs1	203095061	208095061	2.120563133
hs1	203741441	208741441	1.620083918
hs1	208741442	212106754	0
hs1	212106755	217106755	1.25
hs1	214505166	219505166	1.474419547
hs1	216410490	221410490	1.390576032
hs1	216977895	221977895	1.861237008
hs1	218947967	223947967	1.435916328
hs1	222232070	227232070	1.196939765
hs1	227232071	230550053	0
hs1	230550054	235550054	1.202614236
hs1	230885189	235885189	1.538967544
hs1	234340346	239340346	1.375228345
hs1	234567282	239567282	1.213953953
hs1	234858085	239858085	1.08850085
hs1	238823262	243823262	1.133488685
hs1	238890874	243890874	1.391216698
hs1	239115210	244115210	1.236784824
hs1	239225177	244225177	1.503292054
hs1	240495844	245495844	1.499063374
hs1	245495845	245514458	0
hs1	245514459	249250621	1.35147475
hs1	246398232	249250621	1.470429257
hs10	0	1646899	0
hs10	1646900	6646900	1.093696576
hs10	3878626	8878626	1.300512168
hs10	6025499	11025499	1.398567195
hs10	9410312	14410312	1.377323128
hs10	12752663	17752663	2.972941944
hs10	13685090	18685090	1.371988666
hs10	13739879	18739879	1.336306215
hs10	14305407	19305407	1.320676342
hs10	19305408	23821382	0
hs10	23821383	28821383	1.277380758
hs10	28821384	32660384	0
hs10	32660385	37660385	1.2925341
hs10	37660386	43270361	0
hs10	43270362	48270362	1.23493097
hs10	43842326	48842326	2.050253594
hs10	44166343	49166343	1.34317672
hs10	46090809	51090809	1.455213764
hs10	51090810	56393469	0
hs10	56393470	61393470	1.27000126
hs10	59278694	64278694	1.220177733
hs10	60857440	65857440	1.400280079
hs10	60924405	65924405	1.198084596
hs10	63210945	68210945	1.198084596
hs10	65434992	70434992	1.280368814
hs10	68227460	73227460	1.181248831
hs10	73227461	74234637	0
hs10	74234638	79234638	1.455556285
hs10	79193466	84193466	1.350447407
hs10	80225363	85225363	1.428571419
hs10	80665214	85665214	1.237630276
hs10	81170704	86170704	4.145250125
hs10	82879491	87879491	1.376494388
hs10	86209976	91209976	1.211194741
hs10	86934326	91934326	1.851159447
hs10	87781013	92781013	1.254911591
hs10	91043226	96043226	2.203263239
hs10	92141136	97141136	1.200137159
hs10	93438899	98438899	1.791244288
hs10	97221786	102221786	1.9523471
hs10	101078353	106078353	1.422136386
hs10	102440980	107440980	1.152143047
hs10	102558316	107558316	1.521451544
hs10	107558317	108050318	0
hs10	108050319	113050319	1.178511307
hs10	108685396	113685396	1.181248831
hs10	110234250	115234250	1.478442525
hs10	115149657	120149657	1.765261255
hs10	115770294	120770294	1.755154893
hs10	116384153	121384153	1.345345606
hs10	116948505	121948505	2.002504707
hs10	118390429	123390429	1.75101048
hs10	118667638	123667638	1.290994462
hs10	119207034	124207034	1.2925341
hs10	119870356	124870356	1.236278407
hs10	120208546	125208546	1.57459163
hs10	120208547	125208547	1.396374126
hs10	125208548	125544035	0
hs10	125544036	130544036	1.34231211
hs10	130544037	130670273	0
hs10	130670274	135534747	1.448413649
hs10	131679549	135534747	2.383067834
hs10	134320528	135534747	1.26708508
hs11	0	1428657	0
hs11	1428658	6428658	1.519693653
hs11	3050622	8050622	1.488875012
hs11	5423919	10423919	2.015739418
hs11	7441585	12441585	1.251630776
hs11	12441586	15342802	0
hs11	15342803	20342803	2.229882441
hs11	15754691	20754691	1.521771829
hs11	18977020	23977020	1.320676342
hs11	22106063	27106063	1.120370519
hs11	24512042	29512042	1.692324378
hs11	24642515	29642515	1.531475041
hs11	24786456	29786456	1.386750482
hs11	25252956	30252956	1.791244288
hs11	29399774	34399774	2.425356242
hs11	30164416	35164416	1.601281549
hs11	34216084	39216084	1.847872858
hs11	34929406	39929406	1.024631056
hs11	34929407	39929407	1.245145614
hs11	36990263	41990263	1.351915752
hs11	39478820	44478820	2.058980694
hs11	40301974	45301974	1.36240541
hs11	40334564	45334564	1.351915752
hs11	41304323	46304323	1.48340453
hs11	42985146	47985146	1.509463812
hs11	47985147	48346584	0
hs11	48346585	53346585	1.256561737
hs11	53346586	56217685	0
hs11	56217686	61217686	1.214166998
hs11	56821214	61821214	1.481594411
hs11	57044405	62044405	2.760262234
hs11	60425705	65425705	1.340803043
hs11	65425706	69212738	0
hs11	69212739	74212739	1.317329837
hs11	71942120	76942120	1.601281549
hs11	72250322	77250322	1.318760934
hs11	74443221	79443221	1.551263066
hs11	74560150	79560150	1.278872159
hs11	79560151	79829129	0
hs11	79829130	84829130	1.577200748
hs11	79829131	84829131	1.569412056
hs11	84829132	90257406	0
hs11	90257407	95257407	1.384849523
hs11	90813188	95813188	1.611645929
hs11	91256280	96256280	2.106808558
hs11	96256281	100502296	0
hs11	100502297	105502297	1.56556073
hs11	103577999	108577999	1.360827653
hs11	106492721	111492721	1.218666689
hs11	109476973	114476973	1.320196728
hs11	111240851	116240851	1.549193338
hs11	113286201	118286201	1.147078681
hs11	118286202	121498920	0
hs11	121498921	126498921	1.423136149
hs11	126498922	126654974	0
hs11	126654975	131654975	1.50376411
hs11	126709949	131709949	1.975459187
hs11	130960605	135006516	1.154700524
hs11	132778551	135006516	1.48522133
hs12	0	1607110	0
hs12	1607111	6607111	1.157275119
hs12	2174087	7174087	1.169077671
hs12	2694712	7694712	1.319580805
hs12	2950258	7950258	1.467347948
hs12	4545112	9545112	2.269152154
hs12	5419351	10419351	1.911273921
hs12	8831691	13831691	1.32619531
hs12	11078214	16078214	1.443375661
hs12	15997464	20997464	1.412197578
hs12	17804770	22804770	2.935334393
hs12	18307474	23307474	1.311450228
hs12	18479643	23479643	1.534933516
hs12	23479644	24686837	0
hs12	24686838	29686838	1.909095833
hs12	29686839	30860445	0
hs12	30860446	35860446	1.902605976
hs12	35860447	38989013	0
hs12	38989014	43989014	1.179877706
hs12	39940507	44940507	1.245145614
hs12	41282188	46282188	1.306643448
hs12	44831510	49831510	1.81768116
hs12	46171521	51171521	2.150709348
hs12	49971752	54971752	1.327864526
hs12	53265254	58265254	2.113784544
hs12	54555760	59555760	1.112485416
hs12	58854935	63854935	1.494035776
hs12	59809435	64809435	1.200137159
hs12	62587702	67587702	1.52695979
hs12	67082854	72082854	1.538967544
hs12	70432797	75432797	1.567482855
hs12	71217248	76217248	0.927477816
hs12	73899208	78899208	1.523215546
hs12	74712362	79712362	1.232249244
hs12	75313934	80313934	1.3699181
hs12	79531816	84531816	1.170411466
hs12	83227538	88227538	2.461829828
hs12	86847035	91847035	1.127469024
hs12	91847036	101232238	0
hs12	101232239	106232239	1.309307336
hs12	101344204	106344204	1.65069549
hs12	103153416	108153416	1.44170798
hs12	103728528	108728528	1.360827653
hs12	108728529	115329769	0
hs12	115329770	120329770	1.375460614
hs12	115590527	120590527	1.253924639
hs12	117741444	122741444	1.32619531
hs12	118202796	123202796	1.157275119
hs12	118797524	123797524	1.673654803
hs12	119674405	124674405	1.283881459
hs12	121126378	126126378	1.420541164
hs12	125661526	130661526	1.607476065
hs12	128059507	133059507	1.093696576
hs12	128889956	133851895	1.480466413
hs12	129567805	133851895	1.202407211
hs12	131442440	133851895	1.207363201
hs12	131932846	133851895	1.220394076
hs13	0	20814526	0
hs13	20814527	25814527	1.317942601
hs13	22493471	27493471	1.446728482
hs13	23905777	28905777	1.276884803
hs13	25189300	30189300	1.396374126
hs13	27151408	32151408	1.4195469
hs13	28109375	33109375	1.237630276
hs13	30051308	35051308	1.309307336
hs13	33723588	38723588	1.973054485
hs13	36497762	41497762	1.27171172
hs13	38114635	43114635	1.25
hs13	42875587	47875587	1.359031162
hs13	45652783	50652783	1.319580805
hs13	47445294	52445294	1.141088647
hs13	51321951	56321951	1.329540071
hs13	56321952	57344725	0
hs13	57344726	62344726	1.254911591
hs13	59325661	64325661	1.612598152
hs13	61298963	66298963	1.54566442
hs13	62474507	67474507	1.622214197
hs13	63108270	68108270	1.743420116
hs13	63636680	68636680	1.511378179
hs13	64470773	69470773	1.359031162
hs13	65219846	70219846	1.268297717
hs13	66659623	71659623	1.41598464
hs13	67505951	72505951	1.186781656
hs13	70148402	75148402	1.394433362
hs13	70148403	75148403	1.659765315
hs13	70688530	75688530	1.221694438
hs13	75688531	76903715	0
hs13	76903716	81903716	2.282177316
hs13	77532116	82532116	2.259983827
hs13	79010363	84010363	1.297186301
hs13	81025673	86025673	1.224744871
hs13	83328651	88328651	1.14257735
hs13	83539841	88539841	1.27000126
hs13	84702447	89702447	1.247219147
hs13	85183156	90183156	1.212678111
hs13	86315244	91315244	1.150109256
hs13	89864819	94864819	1.583118978
hs13	93765699	98765699	1.157275119
hs13	97581093	102581093	1.129865346
hs13	97878320	102878320	1.298748244
hs13	99595609	104595609	1.09764261
hs13	104595610	104652352	0
hs13	104652353	109652353	1.354570928
hs13	105102721	110102721	1.317942601
hs13	107669535	112669535	2.394923965
hs13	107888464	112888464	1.541199825
hs13	109649293	114649293	1.662821999
hs13	110392916	115169878	1.185589516
hs13	111279970	115169878	1.5
hs14	0	23911886	0
hs14	23911887	28911887	2.224013624
hs14	24857200	29857200	1.513299805
hs14	27058456	32058456	1.166423679
hs14	29457693	34457693	1.476203509
hs14	29710236	34710236	2.410630208
hs14	32896859	37896859	1.214166998
hs14	33183987	38183987	1.402245378
hs14	36966569	41966569	1.28742324
hs14	38278276	43278276	1.896181848
hs14	38727042	43727042	1.32453237
hs14	39648302	44648302	1.458649924
hs14	40864963	45864963	1.23717913
hs14	43122823	48122823	1.251397419
hs14	43652057	48652057	1.282121523
hs14	48513552	53513552	1.254911591
hs14	49907878	54907878	1.573291931
hs14	53653799	58653799	1.813193647
hs14	53804176	58804176	1.311450228
hs14	56555251	61555251	1.570467351
hs14	61555252	61566986	0
hs14	61566987	66566987	1.266601003
hs14	61566988	66566988	1.024631056
hs14	65199016	70199016	1.57027176
hs14	66689072	71689072	1.393466038
hs14	67320015	72320015	1.408939921
hs14	68718857	73718857	1.341449179
hs14	69388070	74388070	1.135191526
hs14	69681177	74681177	1.45286541
hs14	74318229	79318229	1.406200946
hs14	75338711	80338711	1.421338102
hs14	79151205	84151205	1.528544602
hs14	81228483	86228483	1.263227889
hs14	84345014	89345014	1.505656833
hs14	85526625	90526625	2.434322472
hs14	85608672	90608672	1.255618015
hs14	90608673	95638361	0
hs14	95638362	100638362	1.234035089
hs14	98507268	103507268	1.904453465
hs14	100665786	105665786	1.470429257
hs14	105106640	107349540	1.218666689
hs14	105197734	107349540	1.127469024
hs14	106005021	107349540	1.375228345
hs15	0	25726863	0
hs15	25726864	30726864	1.956463953
hs15	30726865	34327627	0
hs15	34327628	39327628	1.268297717
hs15	37621546	42621546	1.09764261
hs15	41767069	46767069	1.447149198
hs15	45613332	50613332	2.202798379
hs15	47598948	52598948	1.589104307
hs15	48319972	53319972	1.605403252
hs15	48435032	53435032	1.24034733
hs15	53435033	54469725	0
hs15	54469726	59469726	1.36240541
hs15	59469727	60378086	0
hs15	60378087	65378087	2.194655736
hs15	60518582	65518582	1.27000126
hs15	62705793	67705793	1.169077671
hs15	63079529	68079529	1.488645861
hs15	65637322	70637322	2.899167536
hs15	70637323	78468295	0
hs15	78468296	83468296	1.329540071
hs15	83468297	86656199	0
hs15	86656200	91656200	1.19239293
hs15	87214434	92214434	1.209716744
hs15	88614967	93614967	1.696377847
hs15	88702140	93702140	1.380131117
hs15	88803959	93803959	1.122721782
hs15	91862029	96862029	1.336306215
hs15	93905996	98905996	2.467588499
hs15	96491777	101491777	1.268297717
hs16	0	2954004	0
hs16	2954005	7954005	1.680336097
hs16	2954007	7954007	1.544873717
hs16	5775166	10775166	1.339728256
hs16	6585894	11585894	1.571348402
hs16	7254351	12254351	2.510142028
hs16	7892464	12892464	1.26418887
hs16	10172743	15172743	1.745591991
hs16	10199277	15199277	1.181248831
hs16	11259808	16259808	2.246792581
hs16	12607611	17607611	1.205315104
hs16	16045525	21045525	2.375954819
hs16	21045526	24501679	0
hs16	24501680	29501680	1.186781656
hs16	25529605	30529605	1.334817291
hs16	28230932	33230932	1.480466413
hs16	33230933	46560081	0
hs16	46560082	51560082	1.171749845
hs16	48567529	53567529	1.353684121
hs16	49055476	54055476	1.34317672
hs16	49995690	54995690	1.241940619
hs16	51128584	56128584	1.404878714
hs16	51627492	56627492	1.213953953
hs16	51964002	56964002	1.300315846
hs16	52265948	57265948	1.378491023
hs16	55408142	60408142	1.341449179
hs16	60408143	76140894	0
hs16	76140895	81140895	1.241940619
hs16	79963190	84963190	2.390457216
hs16	81862171	86862171	1.628655857
hs16	81908380	86908380	1.172018089
hs16	86908381	89590264	0
hs16	89590265	90354753	1.076244024
hs17	0	3216996	0
hs17	3216997	8216997	1.289460275
hs17	8216998	11345186	0
hs17	11345187	16345187	1.248051441
hs17	16345188	26183695	0
hs17	26183696	31183696	1.199520279
hs17	26835936	31835936	1.318760934
hs17	31136105	36136105	2.357022613
hs17	31539818	36539818	1.290994462
hs17	32416781	37416781	1.153163995
hs17	35405105	40405105	1.412197578
hs17	39644992	44644992	1.319580805
hs17	41218273	46218273	1.301889127
hs17	41236966	46236966	1.830834591
hs17	46236967	47866032	0
hs17	47866033	52866033	2.062842481
hs17	49461771	54461771	1.522773982
hs17	54461772	57564958	0
hs17	57564959	62564959	1.109969774
hs17	60947248	65947248	1.464504046
hs17	62666952	67666952	1.281870703
hs17	67302137	72302137	2.0142689
hs17	68466454	73466454	1.348399718
hs17	69122150	74122150	1.511857897
hs17	72000150	77000150	1.23493097
hs17	76561599	81195210	1.199520279
hs17	76943372	81195210	1.359031162
hs17	81092941	81195210	1.704572967
hs18	0	1349686	0
hs18	1349687	6349687	2.579026192
hs18	1486120	6486120	1.259881582
hs18	5358537	10358537	1.248607224
hs18	7590057	12590057	1.466471138
hs18	7726561	12726561	1.166423679
hs18	8749069	13749069	1.080423621
hs18	8960031	13960031	3.244428424
hs18	9637309	14637309	1.637964224
hs18	9659807	14659807	1.243540028
hs18	10848900	15848900	1.261551386
hs18	12276938	17276938	2.357022613
hs18	12475529	17475529	1.298748244
hs18	13971503	18971503	1.18845673
hs18	18971504	19078652	0
hs18	19078653	24078653	1.313064317
hs18	19149975	24149975	1.41598464
hs18	19853191	24853191	1.943794614
hs18	20137310	25137310	1.624352917
hs18	25137311	27187128	0
hs18	27187129	32187129	1.456714076
hs18	29253201	34253201	1.134704191
hs18	32108117	37108117	1.666666673
hs18	34048497	39048497	1.406421701
hs18	36940382	41940382	1.196654044
hs18	37274152	42274152	1.622214197
hs18	39196516	44196516	1.272937705
hs18	41002050	46002050	2.286322965
hs18	42944297	47944297	1.211194741
hs18	44655318	49655318	2.88675134
hs18	45274123	50274123	1.306643448
hs18	45909159	50909159	2.323697054
hs18	47666312	52666312	1.541199825
hs18	49947924	54947924	2.685876077
hs18	52583681	57583681	1.218666689
hs18	53544730	58544730	1.135191526
hs18	54941323	59941323	1.248375585
hs18	57624000	62624000	1.195228597
hs18	58138909	63138909	1.091089456
hs18	60646304	65646304	1.981438114
hs18	65646305	67453181	0
hs18	67453182	72453182	1.382956362
hs18	69283762	74283762	1.217805732
hs18	72870542	77870542	1.339728256
hs18	73307826	78077248	1.35147475
hs18	74420164	78077248	1.278872159
hs18	76340407	78077248	1.652601706
hs18	77079577	78077248	1.327864526
hs18	77527690	78077248	1.356127022
hs19	0	5865414	0
hs19	5865415	10865415	1.280368814
hs19	10865416	10993130	0
hs19	10993131	15993131	1.748949256
hs19	15993132	29044711	0
hs19	29044712	34044712	1.23493097
hs19	31400668	36400668	1.200961157
hs19	34378462	39378462	1.35147475
hs19	36362851	41362851	1.670538147
hs19	39879446	44879446	1.332346764
hs19	42407583	47407583	1.348399718
hs19	44661566	49661566	1.214166998
hs19	49661567	54672409	0
hs19	54672410	59128983	1.620083918
hs19	56413756	59128983	1.280368814
hs2	0	4702441	0
hs2	4702442	9702442	1.620277229
hs2	9702443	11190248	0
hs2	11190249	16190249	2.365249585
hs2	16190250	16385212	0
hs2	16385213	21385213	1.353684121
hs2	16869248	21869248	1.814149718
hs2	17768054	22768054	1.181248831
hs2	18258490	23258490	1.301889127
hs2	23258491	25867917	0
hs2	25867918	30867918	1.441499948
hs2	26458753	31458753	1.238986562
hs2	30188613	35188613	1.477993911
hs2	31989936	36989936	1.388659317
hs2	32427032	37427032	1.32619531
hs2	33168480	38168480	1.283377887
hs2	33594942	38594942	2.366001775
hs2	35720978	40720978	1.402245378
hs2	39159627	44159627	1.169077671
hs2	39811868	44811868	1.24034733
hs2	41435776	46435776	1.307440897
hs2	42146450	47146450	1.259881582
hs2	43544904	48544904	1.126514758
hs2	44241292	49241292	1.422136386
hs2	44881069	49881069	1.19239293
hs2	46598583	51598583	1.439631515
hs2	48415359	53415359	1.345345606
hs2	49090629	54090629	1.27000126
hs2	49268591	54268591	2.263292822
hs2	53035291	58035291	1.205315104
hs2	58035292	67920048	0
hs2	67920049	72920049	1.205315104
hs2	70884765	75884765	1.202614236
hs2	75884766	76291841	0
hs2	76291842	81291842	1.698415556
hs2	77513008	82513008	1.398757198
hs2	77746367	82746367	1.195228597
hs2	78112192	83112192	1.177149651
hs2	78573965	83573965	1.125087908
hs2	81124790	86124790	1.35147475
hs2	86124791	101417226	0
hs2	101417227	106417227	1.259881582
hs2	102220061	107220061	1.102970988
hs2	102517741	107517741	1.615848415
hs2	103591549	108591549	1.740776551
hs2	103752393	108752393	1.303731836
hs2	104143344	109143344	1.30984209
hs2	104739003	109739003	1.9883381
hs2	105316645	110316645	1.246757434
hs2	109204443	114204443	1.447149198
hs2	113593421	118593421	1.384849523
hs2	113951499	118951499	1.990654164
hs2	115262232	120262232	2.244096968
hs2	116660537	121660537	1.264911064
hs2	118011624	123011624	1.376856783
hs2	123011625	128071703	0
hs2	128071704	133071704	1.871908945
hs2	133071705	135988269	0
hs2	135988270	140988270	1.434069489
hs2	137689917	142689917	1.217161247
hs2	138958890	143958890	1.007585431
hs2	141419592	146419592	1.5
hs2	142927994	147927994	1.268297717
hs2	143363014	148363014	1.263227889
hs2	146415988	151415988	1.499063374
hs2	151415989	151513106	0
hs2	151513107	156513107	1.15087067
hs2	156513108	156853555	0
hs2	156853556	161853556	1.787833046
hs2	161853557	164201272	0
hs2	164201273	169201273	1.211194741
hs2	165359836	170359836	1.367171862
hs2	166310621	171310621	1.396860587
hs2	166350383	171350383	1.220177733
hs2	167184091	172184091	1.492555795
hs2	171002544	176002544	1.523019238
hs2	176002545	181626324	0
hs2	181626325	186626325	1.261312451
hs2	182306741	187306741	1.756369238
hs2	184372037	189372037	1.360827653
hs2	189372038	194441629	0
hs2	194441630	199441630	1.253267968
hs2	196398054	201398054	2.189298586
hs2	197228847	202228847	1.322875656
hs2	199632185	204632185	1.292791244
hs2	201184986	206184986	1.180151558
hs2	201516297	206516297	1.4195469
hs2	204497177	209497177	1.329540071
hs2	205002735	210002735	1.120839596
hs2	209686532	214686532	1.198904375
hs2	210408631	215408631	1.513299805
hs2	215408632	216289913	0
hs2	216289914	221289914	2.087666999
hs2	217864633	222864633	1.476203509
hs2	217864636	222864636	1.401999287
hs2	220946926	225946926	1.314684411
hs2	220946928	225946928	1.575242711
hs2	221976365	226976365	2.244500702
hs2	222068754	227068754	1.371758142
hs2	224017738	229017738	2.119369199
hs2	224242440	229242440	1.439631515
hs2	224565483	229565483	1.275894588
hs2	226433574	231433574	1.268540658
hs2	227638038	232638038	1.027331008
hs2	228141097	233141097	1.305052872
hs2	228731882	233731882	2.379154766
hs2	231728386	236728386	1.446728482
hs2	233735925	238735925	1.111111111
hs2	234912798	239912798	1.511378179
hs2	239912799	240496886	0
hs2	240496887	243199373	1.986030085
hs20	0	1067640	0
hs20	1067641	6067641	1.241940619
hs20	5509610	10509610	1.381070925
hs20	9489545	14489545	1.177149651
hs20	11626600	16626600	1.557522391
hs20	16626601	17334811	0
hs20	17334812	22334812	1.352504455
hs20	17446071	22446071	1.130828192
hs20	18340690	23340690	2.127178154
hs20	20421069	25421069	1.507556732
hs20	22698528	27698528	1.414213562
hs20	23954710	28954710	1.424424621
hs20	25461863	30461863	1.155985683
hs20	30461864	36479111	0
hs20	36479112	41479112	1.303731836
hs20	40831797	45831797	1.462544837
hs20	45831798	49630189	0
hs20	49630190	54630190	1.798471935
hs20	51507248	56507248	1.548574021
hs20	54228829	59228829	1.229363657
hs20	57354022	62354022	1.926881237
hs20	59879234	63025520	1.505419875
hs20	61782109	63025520	1.186781656
hs21	0	16899841	0
hs21	16899842	21899842	1.128665318
hs21	21220102	26220102	1.330380209
hs21	22246021	27246021	1.379401464
hs21	25112504	30112504	1.682316468
hs21	25112505	30112505	1.762268453
hs21	25138489	30138489	1.772810509
hs21	26506862	31506862	1.50376411
hs21	28490961	33490961	1.958808439
hs21	31350542	36350542	1.283377887
hs21	34914755	39914755	1.584744617
hs21	39534286	44534286	1.160908653
hs21	39841213	44841213	1.396860587
hs21	41781089	46781089	1.412449114
hs21	43375667	48129895	0.833333307
hs21	45991243	48129895	1.236278407
hs21	46255364	48129895	1.127469024
hs22	0	17975757	0
hs22	17975758	22975758	1.511378179
hs22	22918871	27918871	1.404219
hs22	26343932	31343932	1.237630276
hs22	31251522	36251522	1.229363657
hs22	35499262	40499262	1.477635307
hs22	37477565	42477565	1.069656393
hs22	38675210	43675210	2.399825473
hs22	39695848	44695848	1.332910237
hs22	41833279	46833279	1.464504046
hs22	46833280	48542667	0
hs22	48542668	51304566	1.338013939
hs22	48556161	51304566	1.230914904
hs22	50831712	51304566	1.396860587
hs3	0	1472773	0
hs3	1472774	6472774	1.341449179
hs3	5944033	10944033	1.261551386
hs3	10944034	14515791	0
hs3	14515792	19515792	1.17444042
hs3	19515793	21771604	0
hs3	21771605	26771605	2.029530266
hs3	22361159	27361159	1.264911064
hs3	25844174	30844174	1.275894588
hs3	29974756	34974756	1.296407459
hs3	31310654	36310654	2.243730131
hs3	36310655	36961657	0
hs3	36961658	41961658	1.275894588
hs3	40776659	45776659	1.831858264
hs3	43066130	48066130	1.164050514
hs3	48066131	51420911	0
hs3	51420912	56420912	1.332910237
hs3	53119667	58119667	1.379193206
hs3	54007827	59007827	1.862312568
hs3	55374572	60374572	1.15934723
hs3	60374573	60692638	0
hs3	60692639	65692639	1.476203509
hs3	62640442	67640442	2.308002708
hs3	66872471	71872471	1.533929985
hs3	67144361	72144361	1.223216825
hs3	67291336	72291336	1.655211769
hs3	69696182	74696182	1.315903378
hs3	74062568	79062568	1.203858547
hs3	74457361	79457361	1.252799545
hs3	77002940	82002940	1.30984209
hs3	80971323	85971323	2.244096968
hs3	80975686	85975686	1.426493498
hs3	85720375	90720375	1.478442525
hs3	85720376	90720376	1.3699181
hs3	87229892	92229892	1.98679853
hs3	92229893	99144433	0
hs3	99144434	104144434	1.305052872
hs3	99363453	104363453	1.385271273
hs3	100464812	105464812	1.120839596
hs3	103687849	108687849	1.230914904
hs3	105211215	110211215	1.206776989
hs3	105658311	110658311	1.592030841
hs3	107126011	112126011	2.503010228
hs3	110516182	115516182	1.315903378
hs3	115005093	120005093	1.105664461
hs3	118355401	123355401	1.115249344
hs3	118360867	123360867	1.104315263
hs3	118486863	123486863	1.238443499
hs3	122182893	127182893	1.220177733
hs3	127182894	133048976	0
hs3	133048977	138048977	1.118033989
hs3	135421857	140421857	1.403724795
hs3	139592427	144592427	1.241712608
hs3	140292661	145292661	1.261551386
hs3	142028574	147028574	1.428571419
hs3	144788377	149788377	1.296407459
hs3	144945525	149945525	1.811857693
hs3	146644532	151644532	1.333333342
hs3	148615335	153615335	1.404219
hs3	150290131	155290131	1.50376411
hs3	154202564	159202564	1.175792711
hs3	156862185	161862185	2.118673665
hs3	157049612	162049612	1.40180794
hs3	158952183	163952183	2.112331011
hs3	159134309	164134309	1.300315846
hs3	159134315	164134315	1.398567195
hs3	159248805	164248805	1.175792711
hs3	161171255	166171255	1.192796797
hs3	166171256	167116018	0
hs3	167116019	172116019	1.362631241
hs3	168843362	173843362	1.217805732
hs3	171219687	176219687	1.418271589
hs3	174563256	179563256	1.37037743
hs3	174972319	179972319	1.458649924
hs3	174974335	179974335	1.57027176
hs3	175026582	180026582	1.46559592
hs3	175845375	180845375	1.167217975
hs3	180845376	181080359	0
hs3	181080360	186080360	1.100297142
hs3	182191413	187191413	1.235604144
hs3	182631437	187631437	1.336306215
hs3	187631438	187726979	0
hs3	187726980	192726980	1.130828192
hs3	187763699	192763699	1.234035089
hs3	190986705	195986705	1.360827653
hs4	0	4953663	0
hs4	4953664	9953664	1.633983751
hs4	6326249	11326249	1.152143047
hs4	7764330	12764330	1.199520279
hs4	10295950	15295950	1.3925007
hs4	10320627	15320627	1.499063374
hs4	10328009	15328009	1.296407459
hs4	11127232	16127232	1.206776989
hs4	11225194	16225194	1.208244181
hs4	16225195	16291135	0
hs4	16291136	21291136	1.809574315
hs4	18445114	23445114	1.182624793
hs4	18833765	23833765	1.428571419
hs4	21052998	26052998	1.245145614
hs4	21198353	26198353	2.218490523
hs4	22438835	27438835	1.275153442
hs4	23817398	28817398	1.650082513
hs4	25821700	30821700	1.351915752
hs4	27944511	32944511	1.458649924
hs4	32944512	38329968	0
hs4	38329969	43329969	1.327446609
hs4	38476361	43476361	0.888523326
hs4	40134138	45134138	1.810714914
hs4	41541201	46541201	1.275153442
hs4	41858956	46858956	1.384849523
hs4	42368818	47368818	1.683761117
hs4	43237093	48237093	1.904761901
hs4	44234679	49234679	1.282121523
hs4	45343926	50343926	1.56598726
hs4	45844791	50844791	1.248375585
hs4	47085628	52085628	2.087815701
hs4	52085629	53155487	0
hs4	53155488	58155488	1.867718421
hs4	58155489	60537324	0
hs4	60537325	65537325	1.352504455
hs4	61934957	66934957	1.498128499
hs4	62042272	67042272	1.162476408
hs4	63535907	68535907	1.499063374
hs4	64464951	69464951	1.3699181
hs4	64734374	69734374	1.242259997
hs4	65903070	70903070	1.243540028
hs4	68686289	73686289	1.259881582
hs4	70510681	75510681	1.182624793
hs4	75510682	76048713	0
hs4	76048714	81048714	2.172349212
hs4	77447928	82447928	1.66877503
hs4	80033864	85033864	1.111111111
hs4	81908608	86908608	1.385086712
hs4	86908609	95916905	0
hs4	95916906	100916906	2.466709569
hs4	97020281	102020281	1.362631241
hs4	101223001	106223001	1.869391265
hs4	102115305	107115305	1.59515808
hs4	107115306	107205207	0
hs4	107205208	112205208	2.020305101
hs4	108774401	113774401	1.620277229
hs4	109819952	114819952	1.390096076
hs4	111739715	116739715	1.353684121
hs4	114680496	119680496	1.235604144
hs4	119680497	125699263	0
hs4	125699264	130699264	1.52695979
hs4	129164098	134164098	1.377323128
hs4	133293679	138293679	1.289460275
hs4	135970678	140970678	1.265924208
hs4	137814555	142814555	1.931668527
hs4	142469820	147469820	1.391778
hs4	147089787	152089787	1.381070925
hs4	149788058	154788058	2.132007153
hs4	150306346	155306346	1.158568902
hs4	155183363	160183363	1.470871
hs4	155459935	160459935	1.303468105
hs4	159565731	164565731	1.578674064
hs4	163535235	168535235	1.329540071
hs4	164843568	169843568	1.414213562
hs4	166062946	171062946	2.646280616
hs4	169183129	174183129	1.551263066
hs4	174183130	175556674	0
hs4	175556675	180556675	1.471224728
hs4	175576960	180576960	1.127947073
hs4	177170669	182170669	1.008866542
hs4	178728547	183728547	2.735506023
hs4	178777684	183777684	1.515228828
hs4	183324012	188324012	1.319580805
hs4	184171267	189171267	1.424424621
hs4	187639974	191154276	1.32453237
hs4	187962540	191154276	1.221694438
hs4	190562142	191154276	1.483663675
hs4	190604047	191154276	1.355459442
hs5	0	2409942	0
hs5	2409943	7409943	1.261551386
hs5	2841721	7841721	1.394433362
hs5	2990198	7990198	3.50615804
hs5	7990199	9835212	0
hs5	9835213	14835213	1.148590963
hs5	12702926	17702926	1.344910964
hs5	16232438	21232438	1.164050514
hs5	18830118	23830118	1.290994462
hs5	19473990	24473990	1.23717913
hs5	22403760	27403760	1.181798629
hs5	24524391	29524391	1.404878714
hs5	29524392	31149453	0
hs5	31149454	36149454	1.268297717
hs5	33464154	38464154	1.742978686
hs5	34535496	39535496	2.04124146
hs5	39171956	44171956	1.353684121
hs5	39309519	44309519	1.368771822
hs5	44309520	45894361	0
hs5	45894362	50894362	2.257330592
hs5	50894363	51840175	0
hs5	51840176	56840176	1.441499948
hs5	53433552	58433552	1.414213562
hs5	54175929	59175929	1.323082386
hs5	57563933	62563933	1.729581741
hs5	62308474	67308474	1.190982662
hs5	63335917	68335917	1.553341109
hs5	65209574	70209574	1.497861709
hs5	70209575	74328975	0
hs5	74328976	79328976	1.359255348
hs5	75053328	80053328	1.256561737
hs5	75965223	80965223	1.246757434
hs5	79461659	84461659	1.215661343
hs5	84461660	87390582	0
hs5	87390583	92390583	1.771726136
hs5	87923255	92923255	1.521060387
hs5	90240920	95240920	1.283881459
hs5	91306746	96306746	1.6609096
hs5	91827637	96827637	1.245145614
hs5	92465248	97465248	1.803339264
hs5	93004642	98004642	2.116036838
hs5	98004643	98189327	0
hs5	98189328	103189328	1.272937705
hs5	101587965	106587965	1.605027227
hs5	106587966	106906224	0
hs5	106906225	111906225	1.125087908
hs5	107013159	112013159	1.424424621
hs5	108230677	113230677	1.384849523
hs5	112542774	117542774	2.035193308
hs5	117542775	121663847	0
hs5	121663848	126663848	1.202407211
hs5	123998932	128998932	1.346651959
hs5	124707525	129707525	1.265634505
hs5	129707526	132563068	0
hs5	132563069	137563069	1.32453237
hs5	132612336	137612336	1.30823981
hs5	133076162	138076162	1.229584889
hs5	135970896	140970896	1.063589065
hs5	140970897	142353203	0
hs5	142353204	147353204	1.159867018
hs5	142725772	147725772	1.208244181
hs5	143062477	148062477	1.196450083
hs5	144807011	149807011	1.230914904
hs5	145225015	150225015	1.225620618
hs5	146414442	151414442	1.412197578
hs5	151414443	155205550	0
hs5	155205551	160205551	1.573291931
hs5	156135379	161135379	1.234035089
hs5	161135380	162602411	0
hs5	162602412	167602412	1.391778
hs5	163415987	168415987	1.377323128
hs5	165967540	170967540	1.338013939
hs5	166124031	171124031	1.355261857
hs5	168237998	173237998	1.274413551
hs5	170707585	175707585	1.753079034
hs5	173781082	178781082	1.27000126
hs5	174558708	179558708	2.396169193
hs5	178742449	180915260	1.39421824
hs6	0	3560230	0
hs6	3560231	8560231	1.27827497
hs6	7196011	12196011	1.306643448
hs6	10116704	15116704	1.498128499
hs6	12021887	17021887	2.437333399
hs6	15463247	20463247	1.243540028
hs6	17471108	22471108	1.490711978
hs6	18131494	23131494	1.423136149
hs6	18244344	23244344	1.944866551
hs6	22494780	27494780	1.729889794
hs6	27494781	33869158	0
hs6	33869159	38869159	1.783765175
hs6	36325943	41325943	1.517165218
hs6	40190760	45190760	1.259881582
hs6	43774142	48774142	1.140841093
hs6	47908586	52908586	1.185113665
hs6	52743040	57743040	1.300315846
hs6	54705497	59705497	1.458649924
hs6	59705498	66200526	0
hs6	66200527	71200527	1.565211998
hs6	69663952	74663952	1.428571419
hs6	70048144	75048144	2.208630526
hs6	74588938	79588938	2.254938092
hs6	75229422	80229422	1.628067075
hs6	79877908	84877908	1.971296629
hs6	83647430	88647430	1.359255348
hs6	85466910	90466910	1.280368814
hs6	85963724	90963724	1.383428928
hs6	87178607	92178607	1.217161247
hs6	87495038	92495038	2.484519974
hs6	88518457	93518457	2.248320507
hs6	89500521	94500521	1.217161247
hs6	90041891	95041891	1.003771239
hs6	95041892	98988877	0
hs6	98988878	103988878	1.488875012
hs6	101300809	106300809	1.300054153
hs6	103497501	108497501	1.412449114
hs6	105886750	110886750	2.085144144
hs6	107273208	112273208	1.129384877
hs6	107682734	112682734	1.155985683
hs6	109797737	114797737	0.990147565
hs6	109797738	114797738	1.297186301
hs6	111894986	116894986	1.400280079
hs6	114700326	119700326	1.355459442
hs6	114704886	119704886	1.326473068
hs6	118886816	123886816	1.818760017
hs6	121990978	126990978	1.346870075
hs6	126990979	127426516	0
hs6	127426517	132426517	1.618940302
hs6	130855223	135855223	1.411862422
hs6	132271365	137271365	1.677454262
hs6	132547881	137547881	1.276884803
hs6	134163133	139163133	1.388420253
hs6	137969638	142969638	1.428571419
hs6	142969639	144097734	0
hs6	144097735	149097735	1.377945645
hs6	146979002	151979002	1.198084596
hs6	149240481	154240481	1.301889127
hs6	151936413	156936413	1.215661343
hs6	152507307	157507307	1.515228828
hs6	152559992	157559992	1.472420354
hs6	154242885	159242885	1.501878524
hs6	157350201	162350201	1.334322075
hs6	157717053	162717053	1.765261255
hs6	158170178	163170178	1.96929335
hs6	159736173	164736173	2.247805952
hs6	162298028	167298028	1.354570928
hs6	164781632	169781632	1.357241799
hs6	165001337	170001337	1.159867018
hs6	165466540	170466540	1.153419655
hs6	166140599	171115067	1.541199825
hs6	167037020	171115067	1.338013939
hs6	168810880	171115067	1.530333428
hs7	0	7466528	0
hs7	7466529	12466529	2.09475316
hs7	9364560	14364560	1.252799545
hs7	10324332	15324332	1.253267968
hs7	10343829	15343829	2.228124548
hs7	12578167	17578167	1.576764979
hs7	14027410	19027410	1.426954484
hs7	19027411	25845376	0
hs7	25845377	30845377	1.96116134
hs7	27161336	32161336	2.857142856
hs7	28104058	33104058	1.241940619
hs7	30250737	35250737	2.312486454
hs7	31416163	36416163	1.224307682
hs7	32950044	37950044	1.127469024
hs7	34360282	39360282	1.28742324
hs7	34445572	39445572	1.34317672
hs7	39226162	44226162	1.468446186
hs7	41753996	46753996	1.408939921
hs7	42448715	47448715	1.408939921
hs7	43343559	48343559	1.393466038
hs7	44664464	49664464	1.234035089
hs7	45661888	50661888	1.477993911
hs7	46070069	51070069	1.248607224
hs7	50697729	55697729	1.23493097
hs7	51225802	56225802	1.494870195
hs7	51891348	56891348	1.432229765
hs7	53577463	58577463	1.238760227
hs7	53726206	58726206	1.435916328
hs7	54083559	59083559	2.179585695
hs7	54932448	59932448	1.668599023
hs7	59932449	69535031	0
hs7	69535032	74535032	2.140129132
hs7	71192674	76192674	2.747211277
hs7	76192675	78507266	0
hs7	78507267	83507267	1.248051441
hs7	83507268	91998081	0
hs7	91998082	96998082	0.94491116
hs7	92966368	97966368	0.920574603
hs7	93771688	98771688	1.45692879
hs7	93945366	98945366	1.161169497
hs7	95389202	100389202	1.463850095
hs7	100389203	100838183	0
hs7	100838184	105838184	1.872077162
hs7	105261671	110261671	1.437770322
hs7	108985101	113985101	1.265634505
hs7	110145120	115145120	1.924500896
hs7	110512012	115512012	1.181798629
hs7	111624577	116624577	1.516196095
hs7	114269839	119269839	1.476714394
hs7	115023776	120023776	1.378491023
hs7	115034383	120034383	1.445258731
hs7	116220408	121220408	1.692507991
hs7	121220409	122616168	0
hs7	122616169	127616169	2.276257279
hs7	123357827	128357827	1.09896747
hs7	127857269	132857269	2.02151886
hs7	128458235	133458235	1.55983653
hs7	128461774	133461774	3.853042746
hs7	130393240	135393240	1.388978222
hs7	131903378	136903378	1.107697567
hs7	134393476	139393476	1.412197578
hs7	134393477	139393477	1.072112541
hs7	134553051	139553051	1.373605657
hs7	139553052	141736963	0
hs7	141736964	146736964	2.144873959
hs7	142763050	147763050	1.132277042
hs7	144591573	149591573	1.435916328
hs7	145818096	150818096	1.682316468
hs7	145976136	150976136	1.275153442
hs7	150502203	155502203	1.353684121
hs7	150722889	155722889	1.3699181
hs7	151772534	156772534	2.506031365
hs7	154773688	159138663	2.134863181
hs7	157378888	159138663	1.137147044
hs7	159019559	159138663	1.58113883
hs8	0	2179395	0
hs8	2179396	7179396	1.605403252
hs8	3650336	8650336	1.460377143
hs8	5903500	10903500	1.447149198
hs8	10903501	11474882	0
hs8	11474883	16474883	2.126329372
hs8	13632020	18632020	1.825741849
hs8	13867065	18867065	1.390576032
hs8	13924043	18924043	1.227818268
hs8	13956469	18956469	1.683761117
hs8	14508510	19508510	1.2925341
hs8	14734477	19734477	1.32453237
hs8	16016643	21016643	1.416238221
hs8	21016644	24287260	0
hs8	24287261	29287261	1.220177733
hs8	24683067	29683067	1.388659317
hs8	26198158	31198158	1.264911064
hs8	31198159	31410134	0
hs8	31410135	36410135	1.445049169
hs8	32964392	37964392	2.087815701
hs8	37964393	38805227	0
hs8	38805228	43805228	1.038348256
hs8	39068634	44068634	2.259293783
hs8	44068635	53082284	0
hs8	53082285	58082285	3.201319603
hs8	53349720	58349720	1.206776989
hs8	55505883	60505883	1.481594411
hs8	59281994	64281994	0.914141455
hs8	62254268	67254268	1.454785929
hs8	64477628	69477628	1.25
hs8	64547044	69547044	2.61968416
hs8	64556553	69556553	1.371758142
hs8	66734463	71734463	1.330380209
hs8	66971540	71971540	1.19239293
hs8	68464554	73464554	1.367171862
hs8	70321878	75321878	2.123507429
hs8	70428908	75428908	1.258455561
hs8	72261529	77261529	1.362932537
hs8	72439544	77439544	2.208630526
hs8	72473484	77473484	1.243540028
hs8	72670442	77670442	1.823572236
hs8	73794863	78794863	2.878197995
hs8	75222409	80222409	1.721905805
hs8	77899279	82899279	1.437770322
hs8	78320881	83320881	1.378491023
hs8	81195336	86195336	1.725163905
hs8	83819248	88819248	1.521451544
hs8	85796995	90796995	1.412197578
hs8	88965949	93965949	1.407195082
hs8	93965950	94263586	0
hs8	94263587	99263587	1.679438239
hs8	99263588	101432735	0
hs8	101432736	106432736	1.412449114
hs8	103549391	108549391	1.272937705
hs8	103800265	108800265	1.870828693
hs8	106436944	111436944	1.189577362
hs8	111436945	114089978	0
hs8	114089979	119089979	1.373605657
hs8	115247456	120247456	1.295630001
hs8	117125395	122125395	1.474419547
hs8	118071208	123071208	1.380131117
hs8	122465629	127465629	1.263227889
hs8	122509326	127509326	3.919479404
hs8	123046249	128046249	1.133488685
hs8	124293062	129293062	1.474419547
hs8	126640625	131640625	1.634810631
hs8	128369911	133369911	1.137147044
hs8	129448915	134448915	1.447149198
hs8	131327647	136327647	1.34317672
hs8	133042448	138042448	1.211194741
hs8	134753900	139753900	1.540996496
hs8	135175758	140175758	1.28742324
hs8	138034979	143034979	1.282121523
hs8	140322988	145322988	2.63794672
hs9	0	1675322	0
hs9	1675323	6675323	1.245835623
hs9	3238137	8238137	1.526762031
hs9	8238138	8238655	0
hs9	8238656	13238656	1.195228597
hs9	8426589	13426589	1.396860587
hs9	9937780	14937780	1.167748432
hs9	11684201	16684201	1.391778
hs9	13771246	18771246	1.83044134
hs9	17322254	22322254	1.478442525
hs9	18942890	23942890	1.610695378
hs9	19031941	24031941	1.61796199
hs9	19593411	24593411	1.528941562
hs9	21360212	26360212	1.298748244
hs9	21360217	26360217	1.305052872
hs9	24785296	29785296	1.389723174
hs9	25455478	30455478	1.84541941
hs9	28224050	33224050	2.612306835
hs9	31603392	36603392	1.164050514
hs9	34256375	39256375	1.386750482
hs9	35718421	40718421	1.329540071
hs9	40718422	83784118	0
hs9	83784119	88784119	1.417762427
hs9	88784120	105306745	0
hs9	105306746	110306746	1.332910237
hs9	105595954	110595954	1.149602497
hs9	105815447	110815447	1.303468105
hs9	108358131	113358131	1.346651959
hs9	111800264	116800264	1.348399718
hs9	113131626	118131626	1.205315104
hs9	115551577	120551577	2.377205439
hs9	117168026	122168026	1.147078681
hs9	119100297	124100297	1.624158151
hs9	123018588	128018588	2.0142689
hs9	124345102	129345102	1.238986562
hs9	129345103	130871395	0
hs9	130871396	135871396	1.001252366
hs9	135538628	140538628	1.332910237
hs9	136910204	141213431	1.496962391
hs9	137975120	141213431	1.972348904
hsX	0	3120567	0
hsX	3120568	8120568	1.626500108
hsX	4610586	9610586	2.04124146
hsX	9610587	10851663	0
hsX	10851664	15851664	2.036532691
hsX	13065618	18065618	1.810714914
hsX	18065619	28805330	0
hsX	28805331	33805331	1.4874103
hsX	29848461	34848461	1.524985705
hsX	34848462	38771629	0
hsX	38771630	43771630	1.557942393
hsX	40446907	45446907	1.59313248
hsX	42153090	47153090	1.945195054
hsX	42313405	47313405	1.933472989
hsX	43604729	48604729	1.605403252
hsX	43927334	48927334	2.357022613
hsX	48927335	51155679	0
hsX	51155680	56155680	1.609556958
hsX	52045622	57045622	1.985166668
hsX	57045623	66319310	0
hsX	66319311	71319311	1.754116045
hsX	68437958	73437958	1.914398469
hsX	73437959	78175739	0
hsX	78175740	83175740	2.053501278
hsX	78853183	83853183	2.992528012
hsX	79527557	84527557	1.800900664
hsX	80936491	85936491	1.929612474
hsX	82361250	87361250	1.777046623
hsX	86082048	91082048	1.543033506
hsX	91082049	95796217	0
hsX	95796218	100796218	1.569412056
hsX	100796219	101338948	0
hsX	101338949	106338949	2.549509757
hsX	105685731	110685731	1.706640384
hsX	109102090	114102090	2.465984813
hsX	110459948	115459948	3.590109873
hsX	112194955	117194955	1.573291931
hsX	113815630	118815630	1.851640192
hsX	114652932	119652932	1.577200748
hsX	119652933	120631153	0
hsX	120631154	125631154	2.672612411
hsX	121923166	126923166	2.85885937
hsX	126923167	129100077	0
hsX	129100078	134100078	1.539372664
hsX	134100079	135932807	0
hsX	135932808	140932808	1.450952515
hsX	136279029	141279029	2.03069232
hsX	138029271	143029271	1.4874103
hsX	139332582	144332582	1.464896822
hsX	144332583	145368660	0
hsX	145368661	150368661	1.702513054
hsY	0	3712569	0
hsY	3712570	8712570	1.889822373
hsY	8712571	15902498	0
hsY	15902499	20902499	2.573425072
hsY	16870163	21870163	1.694347485
hsY	18719565	23719565	1.601281549
