0.115044248
0.107806691
0.104859335
0.090252708
0.088957055
0.08852459
0.079320113
0.078880407
0.078571429
0.076115486
0.075085324
0.073298429
0.072386059
0.069705094
0.068181818
0.066006601
0.062695925
0.061068702
0.060301508
0.059782609
0.058419244
0.05785124
0.05730659
0.053892216
0.053892216
0.053061224
0.053030303
0.052941176
0.052083333
0.051771117
0.051428571
0.050595238
0.049676026
0.049568966
0.049079755
0.048582996
0.048543689
0.047904192
0.047457627
0.047337278
0.047169811
0.047021944
0.047021944
0.046831956
0.046783626
0.046583851
0.046332046
0.046242775
0.04620462
0.04601227
0.045548654
0.045454545
0.045296167
0.045212766
0.045112782
0.044736842
0.044692737
0.044619423
0.044303797
0.043918919
0.043360434
0.043352601
0.042813456
0.042792793
0.042424242
0.042216359
0.041916168
0.041666667
0.041436464
0.041401274
0.040871935
0.040540541
0.040462428
0.040201005
0.040123457
0.03988604
0.03960396
0.03960396
0.039087948
0.038961039
0.038961039
0.038461538
0.038235294
0.038062284
0.037671233
0.037656904
0.0375
0.037151703
0.037151703
0.037037037
0.036723164
0.036723164
0.035947713
0.035856574
0.035799523
0.035519126
0.035483871
0.035476718
0.035363458
0.035031847
0.034608379
0.034482759
0.034364261
0.034031414
0.033950617
0.033639144
0.033557047
0.03343465
0.033248082
0.033232628
0.033149171
0.032786885
0.032786885
0.032727273
0.032663317
0.032544379
0.032520325
0.031914894
0.031830239
0.031746032
0.031428571
0.031372549
0.031152648
0.030985915
0.030864198
0.030534351
0.030395137
0.030075188
0.02994012
0.029810298
0.029739777
0.02962963
0.029411765
0.029315961
0.029126214
0.029069767
0.028985507
0.028985507
0.028947368
0.028806584
0.028735632
0.028571429
0.028571429
0.028481013
0.028391167
0.028328612
0.028301887
0.028268551
0.028213166
0.027906977
0.027855153
0.027777778
0.027777778
0.027586207
0.027472527
0.02739726
0.027190332
0.027190332
0.027027027
0.026936027
0.026865672
0.026785714
0.026755853
0.026737968
0.026706231
0.026666667
0.02661597
0.026415094
0.026315789
0.026239067
0.026143791
0.026086956
0.025974026
0.025806452
0.025641026
0.025641026
0.025559105
0.025559105
0.025547445
0.025454545
0.025454545
0.025423729
0.025396825
0.025352113
0.025316456
0.025179856
0.025157233
0.025089606
0.025
0.025
0.02484472
0.024615385
0.024615385
0.024615385
0.024590164
0.024570025
0.024539877
0.024390244
0.024316109
0.024242424
0.024137931
0.024137931
0.024064171
0.024054983
0.023972603
0.023952096
0.023880597
0.023880597
0.023856859
0.023668639
0.023668639
0.023648649
0.023648649
0.02359882
0.023569024
0.023489933
0.023489933
0.023460411
0.0234375
0.023391813
0.023333333
0.023333333
0.023323615
0.023255814
0.023076923
0.023054755
0.022988506
0.022801303
0.022727273
0.022727273
0.02259887
0.022587269
0.022580645
0.022408964
0.022364217
0.022357724
0.022284123
0.022267206
0.022222222
0.022222222
0.022222222
0.022082019
0.022082019
0.022012579
0.02200489
0.021978022
0.021978022
0.021978022
0.021917808
0.021834061
0.021621622
0.021621622
0.021604938
0.021604938
0.021479714
0.021472393
0.021472393
0.021276596
0.021276596
0.021148036
0.021148036
0.021008403
0.020942408
0.020930233
0.020905923
0.020905923
0.020895522
0.020895522
0.020785219
0.020771513
0.020761246
0.020710059
0.020689655
0.020671835
0.020547945
0.020547945
0.020477816
0.020467836
0.020408163
0.020408163
0.020338983
0.020289855
0.02020202
0.02020202
0.020172911
0.020151134
0.020134228
0.020114943
0.020114943
0.02
0.02
0.01994302
0.019933555
0.019933555
0.019830028
0.01980198
0.01980198
0.019774011
0.019723866
0.019607843
0.019607843
0.019607843
0.019553073
0.019543974
0.019480519
0.019444444
0.019444444
0.019417476
0.019417476
0.019390582
0.019390582
0.019354839
0.019305019
0.019305019
0.019292605
0.019283747
0.019283747
0.019230769
0.019230769
0.019230769
0.019230769
0.01910828
0.01910828
0.019073569
0.019047619
0.019021739
0.018927445
0.018918919
0.018867925
0.018808777
0.018766756
0.018726592
0.018691589
0.018691589
0.018621974
0.018518519
0.018390805
0.018324607
0.018181818
0.018126888
0.018072289
0.017964072
0.017964072
0.017902813
0.017857143
0.017811705
0.017777778
0.01775148
0.017699115
0.017699115
0.017595308
0.01754386
0.01754386
0.017408124
0.017391304
0.017391304
0.017274472
0.01724138
0.017175573
0.017142857
0.017110266
0.017045455
0.016949153
0.016853933
0.016778524
0.016759777
0.016666667
0.016666667
0.016666667
0.016666667
0.016666667
0.01659751
0.016528926
0.016483516
0.016447368
0.016393443
0.016333938
0.016216216
0.016129032
0.016085791
0.015873016
0.015873016
0.015873016
0.015772871
0.015673981
0.015625
0.015576324
0.015576324
0.015527951
0.015432099
0.015424165
0.015345269
0.01532567
0.015317287
0.015217391
0.015197568
0.015151515
0.01510574
0.015075377
0.01497006
0.01497006
0.014953271
0.014842301
0.014705882
0.014669927
0.014662757
0.014619883
0.014577259
0.014577259
0.014423077
0.014367816
0.014056225
0.014018692
0.013953488
0.013793103
0.013623978
0.01305483
0.012987013
0.012886598
0.012861736
0.012820513
0.012820513
0.012738854
0.012539185
0.012320329
0.012295082
0.012048193
0.012019231
0.011904762
0.011764706
0.011363636
0.011080332
0.010989011
0.010869565
0.010416667
0.00990099
0.009779951
0.009638554
0.00952381
0.009493671
0.009463722
0.009456265
0.009345794
0.009230769
0.00921659
0.009202454
0.009174312
0.009118541
0.009118541
0.009118541
0.009063444
0.008955224
0.00877193
0.008714597
0.00867052
0.00862069
0.008595989
0.008403361
0.008379888
0.008130081
0.008064516
0.00795756
0.007772021
0.007731959
0.007672634
0.007281553
0.007246377
0.007009346
0.007009346
0.006637168
0.006437768
0.006024096
0.005555556
