0.430555556
0.420212766
0.362445415
0.35
0.30075188
0.284263959
0.278431373
0.252631579
0.213930348
0.1875
0.175531915
0.171830986
0.171548117
0.153623188
0.148459384
0.128712871
0.12745098
0.124444444
0.124352332
0.123809524
0.122931442
0.121495327
0.12039312
0.118556701
0.112299465
0.111607143
0.109090909
0.105990783
0.105263158
0.104803493
0.103626943
0.103448276
0.103286385
0.103286385
0.103092784
0.102484472
0.102222222
0.101769912
0.101449275
0.099526066
0.099502488
0.099502488
0.099502488
0.096774194
0.095959596
0.095477387
0.094972067
0.094594595
0.094420601
0.093896714
0.093333333
0.09223301
0.092165899
0.092165899
0.091703057
0.091324201
0.090909091
0.09
0.089686099
0.088888889
0.088888889
0.088383838
0.087155963
0.087155963
0.086956522
0.08616188
0.086124402
0.085427136
0.08411215
0.084051724
0.083333333
0.083333333
0.082969432
0.082840237
0.082417582
0.081818182
0.081730769
0.081632653
0.081521739
0.081339713
0.081081081
0.080808081
0.08
0.078740157
0.078703704
0.07860262
0.078212291
0.077669903
0.076271186
0.076190476
0.076190476
0.076190476
0.075829384
0.075555556
0.075471698
0.075471698
0.075221239
0.075
0.074829932
0.074766355
0.074468085
0.074257426
0.073891626
0.073891626
0.073394495
0.073298429
0.073275862
0.072463768
0.072222222
0.072164948
0.072164948
0.072139303
0.072072072
0.072033898
0.071729958
0.071428571
0.071428571
0.071428571
0.071428571
0.071129707
0.071111111
0.070754717
0.070484581
0.070093458
0.070028011
0.069868996
0.069651741
0.069651741
0.069651741
0.069587629
0.069518717
0.069306931
0.068627451
0.068292683
0.06824147
0.068085106
0.067307692
0.067264574
0.067226891
0.067226891
0.066666667
0.066666667
0.066513761
0.065989848
0.065989848
0.0657277
0.0657277
0.065502183
0.065420561
0.065217391
0.065217391
0.065217391
0.065
0.065
0.065
0.064935065
0.064864865
0.064516129
0.064516129
0.064444445
0.064220183
0.064171123
0.063926941
0.063829787
0.063829787
0.06372549
0.063106796
0.06300813
0.062827225
0.062801932
0.062780269
0.062650602
0.062295082
0.062222222
0.062200957
0.062176166
0.061946903
0.061728395
0.061674009
0.061611374
0.061135371
0.061111111
0.06088993
0.060846561
0.060747663
0.060606061
0.060344828
0.060301508
0.059405941
0.059405941
0.059405941
0.059259259
0.0591133
0.059090909
0.05907173
0.058823529
0.058558559
0.058558559
0.058510638
0.058252427
0.058252427
0.058201058
0.05811138
0.058091286
0.057692308
0.057591623
0.057522124
0.057522124
0.057416268
0.057416268
0.057356608
0.057268722
0.057268722
0.057142857
0.057142857
0.057142857
0.056790123
0.056768559
0.056603774
0.056603774
0.056511057
0.056451613
0.056410256
0.056338028
0.056338028
0.056338028
0.056338028
0.056074766
0.056034483
0.055979644
0.055961071
0.055944056
0.055555556
0.055555556
0.055555556
0.055555556
0.055555556
0.055555556
0.055555556
0.055299539
0.054852321
0.054794521
0.054726368
0.054726368
0.054298643
0.05399568
0.053475936
0.053333333
0.053268765
0.053191489
0.053140097
0.052631579
0.052631579
0.052631579
0.052401747
0.052380952
0.052272727
0.052132701
0.052083333
0.052083333
0.052083333
0.051948052
0.051813472
0.051724138
0.051643192
0.051502146
0.051490515
0.051282051
0.051282051
0.051224944
0.051075269
0.05106383
0.051044084
0.051020408
0.051020408
0.050955414
0.050925926
0.050847458
0.050761421
0.050691244
0.050691244
0.050691244
0.050549451
0.050526316
0.050505051
0.050480769
0.050377834
0.050359712
0.050359712
0.050343249
0.05
0.05
0.05
0.049751244
0.049723757
0.04964539
0.04964539
0.049462366
0.049217002
0.049180328
0.049107143
0.048913043
0.048888889
0.048780488
0.048780488
0.048543689
0.048523207
0.04845815
0.048387097
0.048309179
0.048309179
0.048165138
0.048128342
0.048128342
0.047930283
0.04784689
0.047826087
0.047619048
0.047619048
0.047505938
0.047393365
0.047393365
0.047393365
0.047191011
0.047169811
0.046728972
0.046632124
0.046632124
0.046296296
0.046255507
0.046218487
0.046082949
0.046082949
0.046004843
0.04587156
0.045801527
0.045576408
0.045454545
0.045454545
0.045454545
0.045454545
0.045248869
0.045226131
0.045226131
0.045212766
0.045092838
0.045
0.04496788
0.044917258
0.044887781
0.044843049
0.044843049
0.044843049
0.04477612
0.044776119
0.044680851
0.044619423
0.044554455
0.044554455
0.044444444
0.044386423
0.044334975
0.044247788
0.044117647
0.044052863
0.043902439
0.043879908
0.043859649
0.043589744
0.043589744
0.043583535
0.043583535
0.043478261
0.043478261
0.043478261
0.043367347
0.043103448
0.043062201
0.042918455
0.042654028
0.042553191
0.042553191
0.04245283
0.042394015
0.042056075
0.042035398
0.041666667
0.041666667
0.041474654
0.041450777
0.041420118
0.041189931
0.04109589
0.040909091
0.040909091
0.040909091
0.040865385
0.040865385
0.040816327
0.040816327
0.040816327
0.040723982
0.040632054
0.040572792
0.040572792
0.04040404
0.040178571
0.040100251
0.04
0.039823009
0.03962704
0.03960396
0.03960396
0.039534884
0.039473684
0.039443155
0.03926097
0.039215686
0.0390625
0.03902439
0.03902439
0.03892944
0.038901602
0.038860104
0.038834951
0.038793103
0.038781163
0.038674033
0.038674033
0.038647343
0.038647343
0.038647343
0.038461538
0.038461538
0.038369305
0.038277512
0.038251366
0.038135593
0.038116592
0.038071066
0.037914692
0.037825059
0.037815126
0.037783375
0.037735849
0.037735849
0.037558685
0.037542662
0.037313433
0.037234043
0.037209302
0.037209302
0.037209302
0.037209302
0.037128713
0.037037037
0.037037037
0.037037037
0.037037037
0.036697248
0.036649215
0.036649215
0.03652968
0.03652968
0.036458333
0.036446469
0.036363636
0.036281179
0.03626943
0.03626943
0.036199095
0.036199095
0.036082474
0.036082474
0.036082474
0.036036036
0.035955056
0.035714286
0.035714286
0.035714286
0.035714286
0.035629454
0.03562341
0.035555556
0.035532995
0.03539823
0.035242291
0.035087719
0.035087719
0.035046729
0.035040431
0.035019455
0.035
0.035
0.035
0.035
0.035
0.035
0.034946237
0.034934498
0.034883721
0.034682081
0.034653465
0.034642032
0.034632035
0.034632035
0.034632035
0.034482759
0.034482759
0.034334764
0.034313725
0.034313725
0.034267913
0.034188034
0.034146341
0.034146341
0.034146341
0.034055728
0.033980583
0.033898305
0.033707865
0.033653846
0.033653846
0.033591731
0.033557047
0.033519553
0.033519553
0.033505155
0.033492823
0.033472803
0.033333333
0.033333333
0.033333333
0.033333333
0.033254157
0.033175355
0.033112583
0.03307888
0.033039648
0.033018868
0.033018868
0.033018868
0.033018868
0.033018868
0.032911392
0.032876712
0.03286385
0.03286385
0.03286385
0.032828283
0.032786885
0.032745592
0.032608696
0.032608696
0.03255814
0.032520325
0.0325
0.032432432
0.032407407
0.032345013
0.032110092
0.032110092
0.032085561
0.032085561
0.03196347
0.03196347
0.031914894
0.031914894
0.031914894
0.031847134
0.031830239
0.031818182
0.031674208
0.031578947
0.031578947
0.031578947
0.031531532
0.031531532
0.031468531
0.031446541
0.031428571
0.031413613
0.031390135
0.03125
0.03125
0.031161473
0.031161473
0.031111111
0.031088083
0.031088083
0.031088083
0.031055901
0.030973451
0.030973451
0.030927835
0.030848329
0.030837004
0.030805687
0.030769231
0.030732861
0.030660377
0.030612245
0.030612245
0.030588235
0.030567686
0.030470914
0.030405406
0.030395137
0.030379747
0.03030303
0.03030303
0.03030303
0.03030303
0.03030303
0.03
0.03
0.029925187
0.02991453
0.029850746
0.029787234
0.029761905
0.02970297
0.029661017
0.029649596
0.02955665
0.02955665
0.02955665
0.029411765
0.029411765
0.029411765
0.029288703
0.029288703
0.029268293
0.029268293
0.029268293
0.029166667
0.029126214
0.02905569
0.028985507
0.028846154
0.028846154
0.028846154
0.028776978
0.028688525
0.028645833
0.028639618
0.028571429
0.028350515
0.028350515
0.028301887
0.028301887
0.028301887
0.028301887
0.028301887
0.028301887
0.028235294
0.028225807
0.028225806
0.028205128
0.028169014
0.028138528
0.02811245
0.028037383
0.028037383
0.028011204
0.027906977
0.027848101
0.027842227
0.027842227
0.027777778
0.027777778
0.027777778
0.02764977
0.02764977
0.027586207
0.027548209
0.027522936
0.027522936
0.027472527
0.02739726
0.02739726
0.027363184
0.027322404
0.027310924
0.027272727
0.027247956
0.027227723
0.027149321
0.027149321
0.027027027
0.027027027
0.027027027
0.02690583
0.026829268
0.026785714
0.026726058
0.026699029
0.026666667
0.026666667
0.026666667
0.026595745
0.026548673
0.026525199
0.026506024
0.026455026
0.026431718
0.026431718
0.026385224
0.026378897
0.026315789
0.026315789
0.026315789
0.026315789
0.026252983
0.026252983
0.026246719
0.026246719
0.026209677
0.026200873
0.02617801
0.02617801
0.026162791
0.026109661
0.026086957
0.026086957
0.026041667
0.026041667
0.026041667
0.026004728
0.025974026
0.025974026
0.025974026
0.025974026
0.025974026
0.025943396
0.025906736
0.025862069
0.025839793
0.025773196
0.025773196
0.025761124
0.025641026
0.025641026
0.025641026
0.025641026
0.025641026
0.025641026
0.025531915
0.025510204
0.025510204
0.025510204
0.025445293
0.025380711
0.025345622
0.025270758
0.025252525
0.025252525
0.025252525
0.025252525
0.025252525
0.025125628
0.025125628
0.025125628
0.025114155
0.025104603
0.025104603
0.025062657
0.025
0.025
0.024922118
0.024875622
0.024875622
0.024875622
0.024875622
0.024861878
0.024813896
0.024793388
0.024793388
0.024752475
0.024752475
0.024752475
0.024691358
0.024663677
0.024657534
0.024657534
0.024630542
0.024590164
0.024570025
0.024523161
0.024509804
0.024498886
0.024390244
0.024390244
0.0243309
0.02425876
0.024242424
0.024154589
0.024154589
0.024154589
0.024154589
0.024128686
0.024096386
0.024064171
0.024064171
0.024
0.023980815
0.023923445
0.023890785
0.023866348
0.023752969
0.023752969
0.023752969
0.023746702
0.023696682
0.023684211
0.023684211
0.023584906
0.023560209
0.023529412
0.023498695
0.023489933
0.023474178
0.023454158
0.023419204
0.023376623
0.023364486
0.023364486
0.023364486
0.023364486
0.023316062
0.023316062
0.023310023
0.023255814
0.023201856
0.023195876
0.023188406
0.023157895
0.023148148
0.023148148
0.023148148
0.023148148
0.023148148
0.023136247
0.023094688
0.023076923
0.023017903
0.022988506
0.022959184
0.022959184
0.02293578
0.022900763
0.022900763
0.022857143
0.02284264
0.02284264
0.02284264
0.02278481
0.022727273
0.022727273
0.022727273
0.022670025
0.02266289
0.022624434
0.022613065
0.022613065
0.022613065
0.02259887
0.022556391
0.022556391
0.022522523
0.022522523
0.022522523
0.0225
0.0225
0.02247191
0.02247191
0.02247191
0.02247191
0.02244389
0.02244389
0.022435897
0.022408964
0.022346369
0.022321429
0.022321429
0.022321429
0.022321429
0.022321429
0.022321429
0.022277228
0.022222222
0.022222222
0.022222222
0.022167488
0.022167488
0.022160665
0.022058824
0.022038567
0.022026432
0.022026432
0.022012579
0.02200489
0.02195122
0.02195122
0.021929825
0.021917808
0.021917808
0.021857923
0.021857923
0.021857923
0.02184466
0.02184466
0.021834061
0.021806854
0.021791768
0.021791768
0.021791768
0.02173913
0.02173913
0.02173913
0.021680217
0.021645022
0.021645022
0.021634615
0.021634615
0.021621622
0.021621622
0.021563342
0.0215311
0.021505376
0.021479714
0.021459227
0.021459227
0.021447721
0.021447721
0.021428571
0.021390374
0.021390374
0.021327014
0.021276596
0.021276596
0.021276596
0.021276596
0.021226415
0.021220159
0.021186441
0.021176471
0.021164021
0.021108179
0.021097046
0.021084338
0.021052632
0.020997375
0.020979021
0.020942408
0.020942408
0.020942408
0.020942408
0.020930233
0.020930233
0.020920502
0.020887728
0.020881671
0.020833334
0.020833333
0.020833333
0.020785219
0.020779221
0.020779221
0.020737327
0.020725389
0.020725389
0.020671835
0.020671835
0.020661157
0.020642202
0.020618557
0.020618557
0.020618557
0.020618557
0.020565553
0.020512821
0.020491804
0.020408163
0.020408163
0.020408163
0.020408163
0.020408163
0.020408163
0.020408163
0.020361991
0.020348837
0.020325203
0.020289855
0.020289855
0.020289855
0.020253165
0.020253165
0.020253165
0.020231214
0.020224719
0.020224719
0.02020202
0.020179372
0.02016129
0.020151134
0.020151134
0.020114943
0.020114943
0.020100503
0.020057307
0.020050125
0.020050125
0.02
0.02
0.02
0.02
0.019950125
0.019950125
0.019950125
0.019950125
0.01994302
0.01994302
0.01994302
0.01994302
0.01994302
0.019933555
0.019851117
0.019851117
0.019851117
0.01980198
0.01980198
0.01978022
0.019774011
0.019736842
0.019736842
0.01971831
0.01971831
0.019704434
0.019704433
0.019662921
0.019662921
0.01965602
0.019650655
0.019607843
0.019607843
0.019565217
0.019559902
0.019559902
0.019512195
0.019512195
0.019512195
0.019512195
0.019498607
0.019498607
0.019444444
0.019444444
0.019438445
0.019417476
0.019417476
0.019390582
0.01937046
0.01937046
0.01937046
0.019354839
0.019337017
0.019337017
0.019337017
0.019323671
0.019313305
0.019292605
0.019283747
0.019283747
0.019277108
0.019230769
0.019230769
0.019189765
0.019184652
0.019178082
0.019178082
0.019178082
0.019178082
0.019138756
0.019125683
0.019073569
0.019073569
0.019047619
0.019047619
0.019047619
0.019047619
0.019047619
0.019027484
0.019021739
0.019002375
0.019002375
0.019002375
0.018987342
0.018987342
0.01897019
0.01897019
0.01897019
0.018957346
0.018947368
0.018918919
0.018918919
0.01891253
0.01891253
0.018867925
0.018867925
0.018823529
0.018817204
0.018817204
0.018779343
0.018766756
0.018766756
0.018766756
0.018766756
0.018735363
0.018691589
0.018691589
0.018691589
0.018617022
0.018575851
0.018567639
0.018567639
0.018561485
0.018561485
0.018518519
0.018518519
0.018518519
0.018518519
0.018518519
0.018475751
0.018475751
0.018475751
0.018469657
0.018469657
0.018469657
0.018469657
0.018421053
0.018390805
0.018372703
0.018372703
0.018367347
0.018348624
0.018348624
0.018348624
0.018348624
0.018348624
0.018324608
0.018324607
0.018324607
0.018324607
0.018324607
0.018324607
0.018315018
0.018292683
0.018292683
0.018276762
0.018276762
0.018276762
0.01826484
0.01826484
0.01826484
0.01826484
0.018237082
0.018181818
0.018181818
0.018181818
0.018181818
0.01814059
0.018134715
0.018134715
0.018099548
0.018099548
0.018087855
0.018041237
0.018041237
0.018041237
0.018041237
0.018018018
0.017994859
0.017994859
0.017994859
0.017977528
0.017948718
0.017948718
0.017902813
0.017902813
0.017902813
0.017857143
0.017857143
0.017857143
0.017857143
0.017817372
0.017804154
0.017777778
0.017766497
0.017766497
0.017766497
0.017766497
0.017751479
0.017699115
0.017699115
0.017676768
0.017676768
0.017676768
0.017676768
0.017676768
0.017632242
0.017632242
0.017621145
0.017595308
0.01758794
0.01758794
0.01758794
0.01754386
0.01754386
0.01754386
0.01754386
0.01754386
0.01750547
0.0175
0.017456359
0.01744186
0.01744186
0.017429194
0.017412935
0.017412935
0.017412935
0.017412935
0.017391304
0.017391304
0.017369727
0.017369727
0.017353579
0.017316017
0.017316017
0.017316017
0.017283951
0.01724138
0.017241379
0.017199017
0.017199017
0.017156863
0.017156863
0.017142857
0.017142857
0.017142857
0.017114914
0.017094017
0.017073171
0.017073171
0.017073171
0.01703163
0.01703163
0.01703163
0.017021277
0.016997167
0.016997167
0.016990291
0.016990291
0.016949153
0.016949153
0.016949153
0.016949153
0.016913319
0.016908213
0.016908213
0.016908213
0.016901408
0.01686747
0.01686747
0.01686747
0.01686747
0.016826923
0.016826923
0.016806723
0.016806723
0.016806723
0.016806723
0.016786571
0.016771488
0.016713092
0.016706444
0.016706444
0.016706444
0.016666667
0.016666667
0.016666667
0.016627078
0.016627078
0.01659751
0.016574586
0.016574586
0.016574586
0.016574586
0.016483516
0.016483516
0.016470588
0.016470588
0.016438356
0.016438356
0.016438356
0.016431925
0.016393443
0.016393443
0.016393443
0.016393443
0.016393443
0.016393443
0.016393443
0.01635514
0.01635514
0.016339869
0.016317016
0.016304348
0.016304348
0.01627907
0.01627907
0.01627907
0.016260163
0.016260163
0.016260163
0.016260163
0.016241299
0.016216216
0.016203704
0.016203704
0.016203704
0.016172507
0.016129032
0.016129032
0.016129032
0.016129032
0.016129032
0.016091954
0.016085791
0.016085791
0.016085791
0.016085791
0.016085791
0.016055046
0.016042781
0.016042781
0.016025641
0.016018307
0.016018307
0.016
0.016
0.016
0.015981735
0.015981735
0.015957447
0.015957447
0.015957447
0.015915119
0.015915119
0.015915119
0.015915119
0.015909091
0.015873016
0.015873016
0.015873016
0.015873016
0.015873016
0.015873016
0.015837104
0.015789474
0.015789474
0.015789474
0.015765766
0.015748031
0.015748031
0.015748031
0.01572327
0.015706806
0.015706806
0.015706806
0.015695067
0.015695067
0.015665796
0.015659955
0.015625
0.015625
0.015625
0.0155902
0.0155902
0.015584416
0.015584416
0.015584416
0.015576324
0.015576324
0.015555556
0.015544041
0.015544041
0.015521064
0.015503876
0.015503876
0.015503876
0.015503876
0.015503876
0.015463918
0.015463918
0.015463918
0.015463918
0.015432099
0.015424165
0.015424165
0.015424165
0.015424165
0.015418502
0.015418502
0.015384616
0.015384615
0.015384615
0.015350877
0.015350877
0.015345269
0.015337423
0.015317287
0.015317287
0.015317287
0.015306122
0.015306122
0.015306122
0.015296367
0.015283843
0.015283843
0.015267176
0.015267176
0.015250545
0.015250545
0.015250545
0.015250545
0.015228426
0.015228426
0.015228426
0.015228426
0.015184382
0.015151515
0.015151515
0.015151515
0.015151515
0.01511879
0.01511335
0.01511335
0.015075377
0.015021459
0.015
0.014989293
0.014962594
0.014925373
0.014925373
0.014893617
0.014888337
0.014888337
0.014888337
0.014888337
0.014851485
0.014851485
0.014851485
0.014830508
0.014830508
0.014814815
0.014814815
0.014814815
0.014778325
0.014778325
0.014742015
0.014742015
0.014742015
0.014736842
0.014736842
0.014705882
0.014669927
0.014669927
0.014669927
0.014669927
0.014634146
0.01459854
0.01459854
0.01459854
0.014577259
0.014563107
0.014563107
0.014563107
0.014563107
0.014563107
0.014527845
0.014527845
0.014527845
0.014527845
0.014492754
0.014492754
0.01446281
0.01446281
0.014457831
0.014457831
0.014423077
0.014403292
0.014403292
0.014388489
0.014388489
0.014388489
0.014388489
0.014373717
0.014354067
0.014354067
0.014354067
0.014354067
0.014354067
0.014326648
0.014319809
0.014314928
0.014314928
0.014285714
0.014285714
0.014285714
0.014285714
0.014227642
0.014218009
0.014218009
0.014218009
0.014184397
0.014184397
0.014150943
0.014124294
0.014084507
0.014084507
0.014084507
0.014056225
0.014044944
0.013986014
0.013986014
0.01396648
0.01396648
0.013953488
0.013953488
0.013953488
0.013953488
0.013927577
0.013921114
0.013921114
0.013888889
0.013856813
0.013856813
0.013824885
0.013824885
0.013793103
0.013736264
0.013729977
0.01369863
0.013667426
0.013667426
0.013667426
0.013636364
0.013623978
0.013605442
0.013605442
0.013550136
0.013550136
0.013550136
0.013513514
0.013483146
0.013477089
0.013452915
0.013452915
0.01344086
0.013422819
0.013392857
0.013392857
0.013392857
0.013363029
0.013363029
0.013333333
0.013303769
0.013297872
0.013274336
0.013274336
0.013245033
0.013227513
0.013227513
0.013215859
0.013192612
0.013157895
0.013157895
0.01305483
0.013043478
0.013020833
0.013015184
0.012953368
0.012931034
0.012931034
0.012886598
0.012886598
0.012886598
0.012875536
0.012875536
0.012847966
0.012847966
0.012820513
0.012820513
0.012787724
0.012787724
0.012765957
0.012755102
0.012738854
0.012738854
0.012722646
0.012711864
0.012711864
0.012711864
0.012711864
0.012711864
0.012690356
0.012690355
0.012658228
0.012658228
0.012605042
0.012562814
0.012562814
0.012552301
0.0125
0.012437811
0.012437811
0.012376238
0.012376238
0.012345679
0.012345679
0.012320329
0.012315271
0.012269939
0.012224939
0.012195122
0.01216545
0.012135923
0.012106538
0.012077295
0.012048193
0.012048193
0.011961722
0.011961722
0.011904762
0.011904762
0.011848341
0.011848341
0.011673152
0.011627907
0.011583012
0.011494253
0.011441648
0.011312217
0.011061947
0.011061947
0.010781671
0.010729614
0.01055409
0.010526316
0.010526316
0.010498688
0.010498688
0.010178117
0.010152284
0.010075567
0.010025063
0.009803922
0.008928571
0.008602151
0.008474576
0.008356546
0.007894737
0.006944444
