0.467422096
0.461538462
0.448186528
0.447368421
0.445544554
0.434977578
0.39481268
0.388888889
0.385321101
0.375586854
0.361702128
0.349358974
0.343023256
0.339534884
0.339130435
0.331360947
0.31130064
0.307936508
0.297239915
0.296969697
0.293729373
0.284482759
0.272251309
0.269230769
0.264705882
0.257281553
0.254716981
0.254054054
0.248046875
0.235616438
0.234817814
0.233009709
0.223650386
0.222826087
0.221649485
0.221621622
0.217721519
0.215976331
0.212643678
0.210526316
0.208103131
0.201149425
0.196666667
0.195298373
0.1875
0.182628062
0.181506849
0.179738562
0.175862069
0.169398907
0.165584416
0.16464891
0.163265306
0.161209068
0.15890411
0.151125402
0.148305085
0.137535817
0.132743363
0.132616487
0.131805158
0.131004367
0.12972973
0.128603104
0.128318584
0.122857143
0.121323529
0.121212121
0.121037464
0.118760757
0.11747851
0.117117117
0.116883117
0.113924051
0.112094395
0.112033195
0.111801242
0.108108108
0.106280193
0.104615385
0.099744246
0.098214286
0.09252669
0.092198582
0.091603053
0.089171975
0.08839779
0.085858586
0.083333333
0.077669903
0.077348066
0.076923077
0.074519231
0.073529412
0.073170732
0.072164948
0.071794872
0.069364162
0.068249258
0.066390041
0.065359477
0.065281899
0.064935065
0.064903846
0.063768116
0.063492063
0.0625
0.062176166
0.061971831
0.061889251
0.060301508
0.059459459
0.058823529
0.058823529
0.058577406
0.057142857
0.056782334
0.056701031
0.056410256
0.054545455
0.054237288
0.054054054
0.053824363
0.050909091
0.050724638
0.050228311
0.049668874
0.048913043
0.047263682
0.046296296
0.045454545
0.044444444
0.043636364
0.042763158
0.04245283
0.041666667
0.04
0.03988604
0.038922156
0.038461538
0.037815126
0.037234043
0.03539823
0.03525641
0.033802817
0.033033033
0.032911392
0.032544379
0.032051282
0.03125
0.031088083
0.030888031
0.030864198
0.030405405
0.0302267
0.02994012
0.029268293
0.028901734
0.028824834
0.028571429
0.027777778
0.02764977
0.027491409
0.027491409
0.027459954
0.027149321
0.026258206
0.026041667
0.025793651
0.025641026
0.02484472
0.024725275
0.024630542
0.024608501
0.024390244
0.02425876
0.024128686
0.023923445
0.02360515
0.023376623
0.023346304
0.02293578
0.022624434
0.022556391
0.022556391
0.022514071
0.022508039
0.02238806
0.022222222
0.022167488
0.021834061
0.02173913
0.021680217
0.020547945
0.020356234
0.02020202
0.02016129
0.019607843
0.019390582
0.01897019
0.018666667
0.018567639
0.018475751
0.018099548
0.017857143
0.017721519
0.017094017
0.016853933
0.016574586
0.016438356
0.01607717
0.015957447
0.015659955
0.015384615
0.015228426
0.015228426
0.014799154
0.014619883
0.014563107
0.014388489
0.014124294
0.013888889
0.013513514
0.01344086
0.013409962
0.013029316
0.012345679
0.012320329
0.012158055
0.012019231
0.011730205
0.011494253
0.011235955
0.011173184
0.010989011
0.010830325
0.010615711
0.010416667
0.010075567
0.009868421
0.009661836
0.009302326
0.008992806
0.008797654
0.00877193
0.008310249
0.007936508
0.007874016
0.007772021
0.007672634
0.006726457
