0.525821596
0.343589744
0.337110482
0.333333333
0.327731092
0.323383085
0.321533923
0.31835206
0.309597523
0.303921569
0.302670623
0.297546012
0.292372881
0.290488432
0.285714286
0.282828283
0.268656716
0.264880952
0.258258258
0.258241758
0.255952381
0.25382263
0.251336898
0.249291785
0.244582043
0.242331288
0.24099723
0.240105541
0.238244514
0.237068966
0.236245955
0.222591362
0.216216216
0.213592233
0.202985075
0.202505219
0.199052133
0.193029491
0.189732143
0.189119171
0.187368421
0.185758514
0.185667752
0.183962264
0.183544304
0.175487465
0.174074074
0.173529412
0.163398693
0.161290323
0.159509202
0.145214521
0.144694534
0.142595978
0.142538976
0.142372881
0.14171123
0.141630901
0.139941691
0.139372822
0.139053254
0.137254902
0.134883721
0.134110787
0.127340824
0.12335958
0.123333333
0.118811881
0.11747851
0.112676056
0.108108108
0.107784431
0.107023411
0.105633803
0.102439024
0.100263852
0.097847358
0.094936709
0.094527363
0.093567251
0.088957055
0.088652483
0.088
0.087794433
0.085545723
0.085245902
0.085173502
0.085164835
0.084158416
0.080808081
0.080604534
0.079365079
0.078947368
0.078651685
0.075987842
0.074766355
0.072072072
0.070967742
0.069832402
0.068249258
0.06741573
0.066298343
0.065868263
0.058558559
0.058333333
0.058035714
0.05785124
0.057522124
0.057017544
0.055837563
0.055045872
0.054545455
0.054441261
0.051724138
0.050473186
0.050458716
0.050420168
0.050314465
0.047222222
0.046421663
0.045454545
0.044843049
0.044642857
0.043478261
0.043189369
0.042596349
0.041666667
0.041269841
0.040752351
0.040498442
0.039145907
0.037974684
0.036789298
0.036423841
0.035874439
0.035502959
0.03539823
0.033950617
0.033457249
0.03343465
0.033033033
0.032258065
0.031347962
0.031073446
0.031073446
0.02994012
0.029535865
0.029032258
0.028795812
0.028571429
0.028169014
0.027777778
0.02739726
0.027108434
0.027027027
0.026548673
0.026392962
0.025531915
0.025
0.024922118
0.024922118
0.024390244
0.024221453
0.024137931
0.024137931
0.024024024
0.023952096
0.023923445
0.023890785
0.023668639
0.023465704
0.023381295
0.023054755
0.022727273
0.022522523
0.022312373
0.022222222
0.021875
0.021857923
0.021538462
0.021276596
0.02020202
0.020114943
0.019417476
0.019366197
0.019283747
0.019267823
0.019230769
0.019138756
0.019125683
0.018691589
0.01843318
0.01744186
0.017391304
0.017291066
0.017094017
0.017006803
0.016877637
0.016509434
0.01627907
0.016233766
0.016129032
0.01607717
0.016042781
0.016025641
0.015822785
0.015479876
0.015197568
0.015151515
0.015
0.01497006
0.014705883
0.014409222
0.014245014
0.014005602
0.013937282
0.013824885
0.013812155
0.013157895
0.012944984
0.012396694
0.012121212
0.011764706
0.011235955
0.011235955
0.010416667
0.010273973
0.010183299
0.009868421
0.009868421
0.009803922
0.009708738
0.009584665
0.009584665
0.00931677
0.009230769
0.009036145
0.008928571
0.00872093
0.008695652
0.00862069
0.008426966
0.008368201
0.008264463
0.008152174
0.007915567
0.007731959
0.007614213
0.007532957
0.007481297
0
