0.179824561
0.166666667
0.158385093
0.148734177
0.094488189
0.094488189
0.092063492
0.086419753
0.086065574
0.085585586
0.084375
0.08033241
0.079545455
0.079545455
0.078512397
0.077669903
0.077294686
0.077170418
0.075757576
0.074404762
0.072327044
0.069090909
0.067092652
0.066390041
0.06547619
0.064935065
0.064814815
0.064417178
0.064257028
0.063063063
0.062706271
0.06185567
0.061611374
0.061032864
0.059770115
0.059748428
0.0591133
0.058219178
0.057692308
0.057239057
0.056994819
0.056737589
0.055865922
0.054621849
0.053658537
0.053435115
0.052287582
0.051724138
0.050955414
0.050847458
0.05078125
0.048701299
0.048543689
0.04845815
0.047619048
0.047477745
0.047468354
0.046296296
0.046296296
0.04610951
0.046099291
0.045977011
0.045901639
0.045317221
0.045070423
0.044776119
0.043809524
0.043613707
0.043269231
0.043189369
0.042763158
0.042402827
0.042345277
0.042296073
0.042071197
0.042016807
0.041811847
0.04178273
0.041666667
0.041666667
0.041551247
0.041522491
0.041139241
0.041139241
0.04109589
0.040816327
0.040752351
0.040740741
0.040723982
0.040697674
0.040322581
0.040123457
0.04009434
0.039855072
0.039800995
0.03960396
0.039473684
0.038961039
0.038860104
0.03875969
0.038709677
0.038338658
0.038229376
0.038011696
0.037974684
0.0375
0.037463977
0.037433155
0.037383178
0.037356322
0.037356322
0.037234043
0.037037037
0.036885246
0.036764706
0.036585366
0.03654485
0.03630363
0.036253776
0.036111111
0.036065574
0.036065574
0.03601108
0.03539823
0.034985423
0.034843206
0.034782609
0.034700315
0.034482759
0.034391534
0.034285715
0.034246575
0.034161491
0.03406326
0.034013605
0.033980583
0.033653846
0.033639144
0.033536585
0.033333333
0.033112583
0.03307888
0.033033033
0.032967033
0.032934132
0.032835821
0.032679739
0.03264095
0.03256705
0.032448378
0.032407407
0.032154341
0.031948882
0.031948882
0.031914894
0.031835206
0.031818182
0.03164557
0.031578947
0.031578947
0.031518625
0.031446541
0.031347962
0.03125
0.03125
0.03125
0.031152648
0.031088083
0.031088083
0.031055901
0.030985915
0.030898876
0.030812325
0.030640669
0.03058104
0.030555556
0.030508475
0.030418251
0.030136986
0.03
0.029925187
0.02991453
0.029900332
0.029900332
0.029850746
0.029850746
0.02970297
0.029673591
0.029673591
0.029605263
0.029605263
0.029569892
0.029498525
0.029411765
0.029411765
0.029325513
0.029279279
0.029220779
0.029069767
0.029032258
0.028985507
0.028846154
0.028818444
0.028753994
0.028735632
0.02866242
0.028571429
0.028571429
0.028497409
0.028481013
0.028436019
0.028391167
0.028328612
0.028328612
0.028268551
0.028248588
0.028213166
0.028169014
0.028169014
0.027863777
0.027777778
0.027707809
0.027638191
0.027472527
0.027431421
0.027397261
0.02739726
0.02739726
0.027355623
0.027118644
0.027108434
0.027027027
0.026946108
0.026946108
0.026946108
0.026785714
0.026755853
0.026737968
0.026666667
0.026666667
0.026525199
0.026392962
0.026365348
0.026315789
0.026200873
0.02617801
0.02617801
0.025862069
0.025806452
0.025723473
0.025641026
0.025568182
0.025568182
0.025423729
0.025380711
0.025252525
0.025236593
0.025179856
0.024922118
0.024911032
0.024822695
0.024767802
0.024752475
0.024691358
0.024475524
0.024390244
0.024242424
0.024221453
0.024096386
0.024096386
0.024096386
0.024054983
0.023980815
0.023972603
0.023952096
0.023952096
0.023923445
0.023809524
0.023809524
0.023809524
0.023728814
0.023648649
0.023648649
0.023560209
0.023529412
0.023460411
0.0234375
0.023195876
0.023121387
0.02310231
0.023054755
0.023054755
0.022900763
0.022875817
0.022727273
0.022670025
0.022653722
0.022653722
0.022580645
0.022535211
0.022514071
0.02247191
0.022364217
0.022364217
0.022222222
0.022167488
0.022058824
0.022058824
0.022012579
0.021978022
0.021978022
0.021978022
0.021917808
0.021875
0.021834061
0.021834061
0.021806854
0.021739131
0.02173913
0.02173913
0.021686747
0.021680217
0.021653543
0.021582734
0.021447721
0.021428571
0.021406728
0.021352313
0.021212121
0.021108179
0.021084337
0.021084337
0.021021021
0.020979021
0.020958084
0.020905923
0.020833333
0.020771513
0.020689655
0.020648968
0.020588235
0.020588235
0.020588235
0.020547945
0.020477816
0.020446097
0.020408164
0.020408163
0.020408163
0.020348837
0.020338983
0.020304569
0.02027027
0.020231214
0.020231214
0.02020202
0.02020202
0.02020202
0.020057307
0.02
0.02
0.02
0.01994302
0.019933555
0.019900498
0.01980198
0.01971831
0.019662921
0.019662921
0.019543974
0.019543974
0.019543974
0.019480519
0.019390582
0.019354839
0.019277108
0.019230769
0.019193858
0.01910828
0.01910828
0.01910828
0.01910828
0.019083969
0.019073569
0.019021739
0.018987342
0.018927445
0.018927445
0.018918919
0.018867925
0.018808777
0.01875
0.018666667
0.018575851
0.018518519
0.01843318
0.018348624
0.018348624
0.018237082
0.018237082
0.018181818
0.018072289
0.017964072
0.017964072
0.017910448
0.017857143
0.017751479
0.017730496
0.017699115
0.017699115
0.017647059
0.017647059
0.017595308
0.017482517
0.017421603
0.017421603
0.017369727
0.017241379
0.017006803
0.016885553
0.016853933
0.016611296
0.016605166
0.016447368
0.016260163
0.016233766
0.016096579
0.01607717
0.01607717
0.01607717
0.016
0.015873016
0.015831135
0.015831135
0.015772871
0.015772871
0.015772871
0.01572327
0.015706806
0.015625
0.015503876
0.015479876
0.015384615
0.01532567
0.014925373
0.014851485
0.014836795
0.014836795
0.014792899
0.014778325
0.014705883
0.014662757
0.014662757
0.014662757
0.01459854
0.014545455
0.014450867
0.013986014
0.01396648
0.01396648
0.013888889
0.013888889
0.013812155
0.013812155
0.013793103
0.013404826
0.013192612
0.013114754
0.013029316
0.012903226
0.012658228
0.012539185
0.012323944
0.012048193
0.011811024
0.01179941
0.011527378
0.011299435
0.01056338
0.010282776
0.010135135
0.009584665
0.009345794
0.00882353
0.008695652
0.008695652
0.008241758
0.007915567
0.007894737
0.006896552
0.00623053
0.00619195
0.006134969
0.005730659
0.003690037
0.003401361
0.003367003
0.003333333
0.003289474
0.003125
0.003095975
0.002840909
0.002816901
0.002816901
0
0
0
0
0
0
0
0
0
0
0
0
0
0
0
0
0
0
